Segment,Point,Elapsed Time (s),Potential (V),Current (A),Frequency (Hz),|Z| (ohms),Zre (ohms),Zim (ohms),Phase of Z (deg),ActionId
0,0,0.075,0.000307000009343028,0.00280145625583828,0,0,0,0,-0.002284039,39
0,1,0.15,-0.014721610583365,0.00248248176649213,0,0,0,0,-0.002284039,39
0,2,0.225,-0.029750220477581,0.00224999827332795,0,0,0,0,-0.002284039,39
0,3,0.3,-0.0447788313031197,0.00204818556085229,0,0,0,0,-0.002284039,39
0,4,0.375,-0.0598074421286583,0.00186906906310469,0,0,0,0,-0.002284039,39
0,5,0.45,-0.0748360529541969,0.00170835491735488,0,0,0,0,-0.002284039,39
0,6,0.525,-0.0898646637797356,0.00155132124200463,0,0,0,0,-0.002284039,39
0,7,0.6,-0.104893274605274,0.0014007892459631,0,0,0,0,-0.002284039,39
0,8,0.675,-0.119921885430813,0.00128319801297039,0,0,0,0,-0.002284039,39
0,9,0.75,-0.134950488805771,0.00116063817404211,0,0,0,0,-0.002284039,39
0,10,0.825,-0.14997909963131,0.00104543927591294,0,0,0,0,-0.002284039,39
0,11,0.9,-0.165007710456848,0.000932264665607363,0,0,0,0,-0.002284039,39
0,12,0.975,-0.180036321282387,0.000828352523967624,0,0,0,0,-0.002284039,39
0,13,1.05,-0.195064932107925,0.00072965444996953,0,0,0,0,-0.002284039,39
0,14,1.125,-0.210093542933464,0.000630956317763776,0,0,0,0,-0.002284039,39
0,15,1.2,-0.225122153759003,0.000538637745194137,0,0,0,0,-0.002284039,39
0,16,1.275,-0.240150764584541,0.000448343373136595,0,0,0,0,-0.002284039,39
0,17,1.35,-0.25517937541008,0.000360502686817199,0,0,0,0,-0.002284039,39
0,18,1.425,-0.27020800113678,0.000273643468972296,0,0,0,0,-0.002284039,39
0,19,1.5,-0.284929901361465,4.25033722422086E-05,0,0,0,0,-0.002284039,39
0,20,1.575,-0.300265222787857,1.24400148706627E-05,0,0,0,0,-0.002284039,39
0,21,1.65,-0.315600544214249,1.11518488665752E-06,0,0,0,0,-0.002284039,39
0,22,1.725,-0.33001571893692,-9.17051329452079E-06,0,0,0,0,-0.002284039,39
0,23,1.8,-0.345351040363312,-3.47866262018215E-05,0,0,0,0,-0.002284039,39
0,24,1.875,-0.360379666090012,-4.73615873488598E-05,0,0,0,0,-0.002284039,39
0,25,1.95,-0.375408262014389,-6.32244409644045E-05,0,0,0,0,-0.002284039,39
0,26,2.025,-0.390436887741089,-8.18537810118869E-05,0,0,0,0,-0.002284039,39
0,27,2.1,-0.405465483665466,-0.000121633594972081,0,0,0,0,-0.002284039,39
0,28,2.175,-0.42110750079155,-0.00060138973640278,0,0,0,0,-0.002284039,39
0,29,2.25,-0.435522705316544,-0.000691377383191139,0,0,0,0,-0.002284039,39
0,30,2.325,-0.450858026742935,-0.000803815899416804,0,0,0,0,-0.002284039,39
0,31,2.4,-0.465579926967621,-0.000927541230339557,0,0,0,0,-0.002284039,39
0,32,2.475,-0.480915248394012,-0.00106893293559551,0,0,0,0,-0.002284039,39
0,33,2.55,-0.495637148618698,-0.00122792948968709,0,0,0,0,-0.002284039,39
0,34,2.625,-0.510665774345398,-0.00141109444666654,0,0,0,0,-0.002284039,39
0,35,2.7,-0.525694370269775,-0.00162781320977956,0,0,0,0,-0.002284039,39
0,36,2.775,-0.541336417198181,-0.00188010931015015,0,0,0,0,-0.002284039,39
0,37,2.85,-0.555751621723175,-0.0021862022113055,0,0,0,0,-0.002284039,39
0,38,2.925,-0.571086883544922,-0.00249965605325997,0,0,0,0,-0.002284039,39
0,39,3,-0.586115539073944,-0.00283089885488153,0,0,0,0,-0.002284039,39
0,40,3.075,-0.600837409496307,-0.00322839035652578,0,0,0,0,-0.002284039,39
0,41,3.15,-0.616172730922699,-0.00369581091217697,0,0,0,0,-0.002284039,39
0,42,3.225,-0.630894660949707,-0.00420310301706195,0,0,0,0,-0.002284039,39
0,43,3.3,-0.646229982376099,-0.00467604445293546,0,0,0,0,-0.002284039,39
0,44,3.375,-0.661258578300476,-0.00503979809582233,0,0,0,0,-0.002284039,39
0,45,3.45,-0.676287174224854,-0.00529252411797643,0,0,0,0,-0.002284039,39
0,46,3.525,-0.691315770149231,-0.00544649083167315,0,0,0,0,-0.002284039,39
0,47,3.6,-0.706344425678253,-0.00553359510377049,0,0,0,0,-0.002284039,39
0,48,3.675,-0.721373021602631,-0.00558328162878752,0,0,0,0,-0.002284039,39
0,49,3.75,-0.736401617527008,-0.00562560698017478,0,0,0,0,-0.002284039,39
0,50,3.825,-0.751430213451386,-0.00565259717404842,0,0,0,0,-0.002284039,39
0,51,3.9,-0.766458868980408,-0.00567345321178436,0,0,0,0,-0.002284039,39
0,52,3.975,-0.781487464904785,-0.00568756181746721,0,0,0,0,-0.002284039,39
0,53,4.05,-0.796516060829163,-0.00569062866270542,0,0,0,0,-0.002284039,39
0,54,4.125,-0.81154465675354,-0.0056249937042594,0,0,0,0,-0.002284039,39
0,55,4.2,-0.826573312282562,-0.00558266835287213,0,0,0,0,-0.002284039,39
0,56,4.275,-0.84160190820694,-0.00555506441742182,0,0,0,0,-0.002284039,39
0,57,4.35,-0.856630504131317,-0.00552500737830997,0,0,0,0,-0.002284039,39
0,58,4.425,-0.871659100055695,-0.00548636261373758,0,0,0,0,-0.002284039,39
0,59,4.5,-0.886687755584717,-0.00547409430146217,0,0,0,0,-0.002284039,39
0,60,4.575,-0.901716351509094,-0.00544771738350391,0,0,0,0,-0.002284039,39
0,61,4.65,-0.916744947433472,-0.00544035667553544,0,0,0,0,-0.002284039,39
0,62,4.725,-0.931773543357849,-0.00544403679668903,0,0,0,0,-0.002284039,39
0,63,4.8,-0.946802198886871,-0.00545875867828727,0,0,0,0,-0.002284039,39
0,64,4.875,-0.961830794811249,-0.00548452232033014,0,0,0,0,-0.002284039,39
0,65,4.95,-0.976859390735626,-0.00552684767171741,0,0,0,0,-0.002284039,39
0,66,5.025,-0.991887986660004,-0.0055777607485652,0,0,0,0,-0.002284039,39
0,67,5.1,-1.00691664218903,-0.00560475094243884,0,0,0,0,-0.002284039,39
0,68,5.175,-1.0219452381134,-0.00566547876223922,0,0,0,0,-0.002284039,39
0,69,5.25,-1.03697383403778,-0.00570841785520315,0,0,0,0,-0.002284039,39
0,70,5.325,-1.05200242996216,-0.0057666921056807,0,0,0,0,-0.002284039,39
0,71,5.4,-1.06703102588654,-0.00582926021888852,0,0,0,0,-0.002284039,39
0,72,5.475,-1.08205962181091,-0.00590225635096431,0,0,0,0,-0.002284039,39
0,73,5.55,-1.09708833694458,-0.00597279844805598,0,0,0,0,-0.002284039,39
0,74,5.625,-1.11211693286896,-0.0060635837726295,0,0,0,0,-0.002284039,39
0,75,5.7,-1.12714552879334,-0.00615252880379558,0,0,0,0,-0.002284039,39
0,76,5.775,-1.14217412471771,-0.00625128811225295,0,0,0,0,-0.002284039,39
0,77,5.85,-1.15720272064209,-0.00636476930230856,0,0,0,0,-0.002284039,39
0,78,5.925,-1.17223131656647,-0.00647825095802546,0,0,0,0,-0.002284039,39
0,79,6,-1.18725991249084,-0.00660890759900212,0,0,0,0,-0.002284039,39
0,80,6.075,-1.20228850841522,-0.00676226057112217,0,0,0,0,-0.002284039,39
0,81,6.15,-1.21762382984161,-0.00691745430231094,0,0,0,0,-0.002284039,39
0,82,6.225,-1.23234581947327,-0.00708491588011384,0,0,0,0,-0.002284039,39
0,83,6.3,-1.24737441539764,-0.00726403249427676,0,0,0,0,-0.002284039,39
0,84,6.375,-1.26270973682404,-0.00747013883665204,0,0,0,0,-0.002284039,39
0,85,6.45,-1.27773833274841,-0.00768422009423375,0,0,0,0,-0.002284039,39
0,86,6.525,-1.29246020317078,-0.00792651809751987,0,0,0,0,-0.002284039,39
0,87,6.6,-1.30779552459717,-0.00819642003625631,0,0,0,0,-0.002284039,39
0,88,6.675,-1.32282412052155,-0.00849883165210485,0,0,0,0,-0.002284039,39
0,89,6.75,-1.3375461101532,-0.00883498229086399,0,0,0,0,-0.002284039,39
0,90,6.825,-1.35288143157959,-0.00920302979648113,0,0,0,0,-0.002284039,39
0,91,6.9,-1.36791002750397,-0.00960665568709373,0,0,0,0,-0.002284039,39
0,92,6.975,-1.38293862342834,-0.0100421784445643,0,0,0,0,-0.002284039,39
0,93,7.05,-1.39796721935272,-0.0105408830568194,0,0,0,0,-0.002284039,39
0,94,7.125,-1.4129958152771,-0.0110678039491177,0,0,0,0,-0.002284039,39
0,95,7.2,-1.42802441120148,-0.0116333710029721,0,0,0,0,-0.002284039,39
0,96,7.275,-1.44305300712585,-0.0122455563396215,0,0,0,0,-0.002284039,39
0,97,7.35,-1.45808160305023,-0.0129184704273939,0,0,0,0,-0.002284039,39
0,98,7.425,-1.47311019897461,-0.0136183742433786,0,0,0,0,-0.002284039,39
0,99,7.5,-1.48813891410828,-0.0143845267593861,0,0,0,0,-0.002284039,39
0,100,7.575,-1.50316751003265,-0.0151813495904207,0,0,0,0,-0.002284039,39
0,101,7.65,-1.51819610595703,-0.0160376746207476,0,0,0,0,-0.002284039,39
0,102,7.725,-1.53322470188141,-0.016917921602726,0,0,0,0,-0.002284039,39
0,103,7.8,-1.54825329780579,-0.0178809799253941,0,0,0,0,-0.002284039,39
0,104,7.875,-1.56328189373016,-0.0188869759440422,0,0,0,0,-0.002284039,39
0,105,7.95,-1.57831048965454,-0.0199236441403627,0,0,0,0,-0.002284039,39
0,106,8.025,-1.59333908557892,-0.0209971163421869,0,0,0,0,-0.002284039,39
0,107,8.1,-1.60836780071259,-0.0221319291740656,0,0,0,0,-0.002284039,39
0,108,8.175,-1.62339639663696,-0.0232974141836166,0,0,0,0,-0.002284039,39
0,109,8.25,-1.63842499256134,-0.0244997031986713,0,0,0,0,-0.002284039,39
0,110,8.325,-1.65345358848572,-0.026027100160718,0,0,0,0,-0.002284039,39
0,111,8.4,-1.6684821844101,-0.0283642020076513,0,0,0,0,-0.002284039,39
0,112,8.475,-1.68351078033447,-0.030989607796073,0,0,0,0,-0.002284039,39
0,113,8.55,-1.69853937625885,-0.0338297076523304,0,0,0,0,-0.002284039,39
1,114,8.625,-1.68351078033447,-0.0324556641280651,0,0,0,0,-0.002284039,39
1,115,8.7,-1.6684821844101,-0.0304436720907688,0,0,0,0,-0.002284039,39
1,116,8.775,-1.65345358848572,-0.0283887386322021,0,0,0,0,-0.002284039,39
1,117,8.85,-1.63873171806335,-0.0263706110417843,0,0,0,0,-0.002284039,39
1,118,8.925,-1.62339639663696,-0.0243647508323193,0,0,0,0,-0.002284039,39
1,119,9,-1.60867440700531,-0.0224140994250774,0,0,0,0,-0.002284039,39
1,120,9.075,-1.59364581108093,-0.0205002520233393,0,0,0,0,-0.002284039,39
1,121,9.15,-1.57861721515656,-0.0187274888157845,0,0,0,0,-0.002284039,39
1,122,9.225,-1.56389534473419,-0.0171571522951126,0,0,0,0,-0.002284039,39
1,123,9.3,-1.54886674880981,-0.0159916691482067,0,0,0,0,-0.002284039,39
1,124,9.375,-1.53383815288544,-0.0158015098422766,0,0,0,0,-0.002284039,39
1,125,9.45,-1.51880955696106,-0.0177705660462379,0,0,0,0,-0.002284039,39
1,126,9.525,-1.50378084182739,-0.0169240552932024,0,0,0,0,-0.002284039,39
1,127,9.6,-1.48905897140503,-0.0160652790218592,0,0,0,0,-0.002284039,39
1,128,9.675,-1.47403037548065,-0.015237171202898,0,0,0,0,-0.002284039,39
1,129,9.75,-1.45900177955627,-0.0144213316962123,0,0,0,0,-0.002284039,39
1,130,9.825,-1.44427990913391,-0.013641070574522,0,0,0,0,-0.002284039,39
1,131,9.9,-1.42925119400024,-0.0128712374716997,0,0,0,0,-0.002284039,39
1,132,9.975,-1.41422259807587,-0.0121406633406878,0,0,0,0,-0.002284039,39
1,133,10.05,-1.39919400215149,-0.011445052921772,0,0,0,0,-0.002284039,39
1,134,10.125,-1.38416540622711,-0.0107776606455445,0,0,0,0,-0.002284039,39
1,135,10.2,-1.36944353580475,-0.0101495254784822,0,0,0,0,-0.002284039,39
1,136,10.275,-1.35441493988037,-0.0095477681607008,0,0,0,0,-0.002284039,39
1,137,10.35,-1.33938634395599,-0.00899446941912174,0,0,0,0,-0.002284039,39
1,138,10.425,-1.32435762882233,-0.00847368221729994,0,0,0,0,-0.002284039,39
1,139,10.5,-1.30932903289795,-0.00798908621072769,0,0,0,0,-0.002284039,39
1,140,10.575,-1.29460716247559,-0.00753148039802909,0,0,0,0,-0.002284039,39
1,141,10.65,-1.27957856655121,-0.00710454490035772,0,0,0,0,-0.002284039,39
1,142,10.725,-1.26454997062683,-0.00671012094244361,0,0,0,0,-0.002284039,39
1,143,10.8,-1.24952137470245,-0.00635250099003315,0,0,0,0,-0.002284039,39
1,144,10.875,-1.23449277877808,-0.00601451052352786,0,0,0,0,-0.002284039,39
1,145,10.95,-1.21977078914642,-0.00571025814861059,0,0,0,0,-0.002284039,39
1,146,11.025,-1.20474219322205,-0.00542440777644515,0,0,0,0,-0.002284039,39
1,147,11.1,-1.18971359729767,-0.00517168175429106,0,0,0,0,-0.002284039,39
1,148,11.175,-1.17499172687531,-0.00493735820055008,0,0,0,0,-0.002284039,39
1,149,11.25,-1.15996313095093,-0.00471775652840734,0,0,0,0,-0.002284039,39
1,150,11.325,-1.14493441581726,-0.0045202374458313,0,0,0,0,-0.002284039,39
1,151,11.4,-1.12990581989288,-0.00433989427983761,0,0,0,0,-0.002284039,39
1,152,11.475,-1.11487722396851,-0.00416507152840495,0,0,0,0,-0.002284039,39
1,153,11.55,-1.10015535354614,-0.00400067679584026,0,0,0,0,-0.002284039,39
1,154,11.625,-1.08512675762177,-0.00383198843337595,0,0,0,0,-0.002284039,39
1,155,11.7,-1.07009816169739,-0.00370623893104494,0,0,0,0,-0.002284039,39
1,156,11.775,-1.05506956577301,-0.00356638082303107,0,0,0,0,-0.002284039,39
1,157,11.85,-1.04004085063934,-0.00342774949967861,0,0,0,0,-0.002284039,39
1,158,11.925,-1.02531898021698,-0.00329954619519413,0,0,0,0,-0.002284039,39
1,159,12,-1.0102903842926,-0.00319710629992187,0,0,0,0,-0.002284039,39
1,160,12.075,-0.995261788368225,-0.00308485189452767,0,0,0,0,-0.002284039,39
1,161,12.15,-0.980233192443848,-0.0029768911190331,0,0,0,0,-0.002284039,39
1,162,12.225,-0.965204536914825,-0.00287015736103058,0,0,0,0,-0.002284039,39
1,163,12.3,-0.950482666492462,-0.00276649068109691,0,0,0,0,-0.002284039,39
1,164,12.375,-0.935454070568085,-0.0026738652959466,0,0,0,0,-0.002284039,39
1,165,12.45,-0.920425415039063,-0.00257878634147346,0,0,0,0,-0.002284039,39
1,166,12.525,-0.905396819114685,-0.00248800124973059,0,0,0,0,-0.002284039,39
1,167,12.6,-0.890674889087677,-0.00239108200185001,0,0,0,0,-0.002284039,39
1,168,12.675,-0.8756462931633,-0.00229416275396943,0,0,0,0,-0.002284039,39
1,169,12.75,-0.860617697238922,-0.0021923363674432,0,0,0,0,-0.002284039,39
1,170,12.825,-0.845589101314545,-0.00210277806036174,0,0,0,0,-0.002284039,39
1,171,12.9,-0.830867171287537,-0.0020015649497509,0,0,0,0,-0.002284039,39
1,172,12.975,-0.815838575363159,-0.00190403242595494,0,0,0,0,-0.002284039,39
1,173,13.05,-0.800809979438782,-0.00180833996273577,0,0,0,0,-0.002284039,39
1,174,13.125,-0.78578132390976,-0.00170896714553237,0,0,0,0,-0.002284039,39
1,175,13.2,-0.770752727985382,-0.00163781130686402,0,0,0,0,-0.002284039,39
1,176,13.275,-0.755724132061005,-0.0015684956451878,0,0,0,0,-0.002284039,39
1,177,13.35,-0.741002202033997,-0.00150102027691901,0,0,0,0,-0.002284039,39
1,178,13.425,-0.725973606109619,-0.00144213263411075,0,0,0,0,-0.002284039,39
1,179,13.5,-0.711251735687256,-0.00148120755329728,0,0,0,0,-0.002284039,39
1,180,13.575,-0.695916414260864,-0.00138306152075529,0,0,0,0,-0.002284039,39
1,181,13.65,-0.681194484233856,-0.00137478043325245,0,0,0,0,-0.002284039,39
1,182,13.725,-0.666165888309479,-0.0013717133551836,0,0,0,0,-0.002284039,39
1,183,13.8,-0.651137292385101,-0.00137563922908157,0,0,0,0,-0.002284039,39
1,184,13.875,-0.636108636856079,-0.0013585863634944,0,0,0,0,-0.002284039,39
1,185,13.95,-0.621386766433716,-0.00133742357138544,0,0,0,0,-0.002284039,39
1,186,14.025,-0.606358170509338,-0.0013030112022534,0,0,0,0,-0.002284039,39
1,187,14.1,-0.591329514980316,-0.0012532634427771,0,0,0,0,-0.002284039,39
1,188,14.175,-0.576300919055939,-0.00118572660721838,0,0,0,0,-0.002284039,39
1,189,14.25,-0.561578989028931,-0.00110825267620385,0,0,0,0,-0.002284039,39
1,190,14.325,-0.546550393104553,-0.00102096400223672,0,0,0,0,-0.002284039,39
1,191,14.4,-0.531521797180176,-0.000917910656426102,0,0,0,0,-0.002284039,39
1,192,14.475,-0.516493201255798,-0.000812096986919641,0,0,0,0,-0.002284039,39
1,193,14.55,-0.50177127122879,-0.00069119333056733,0,0,0,0,-0.002284039,39
1,194,14.625,-0.486742675304413,-0.000583110027946532,0,0,0,0,-0.002284039,39
1,195,14.7,-0.471714049577713,-0.000457115063909441,0,0,0,0,-0.002284039,39
1,196,14.775,-0.456685453653336,-0.000323084386764094,0,0,0,0,-0.002284039,39
1,197,14.85,-0.441656827926636,-0.000188931051525287,0,0,0,0,-0.002284039,39
1,198,14.925,-0.426321506500244,9.07237972569419E-06,0,0,0,0,-0.002284039,39
1,199,15,-0.411906331777573,2.20889960473869E-05,0,0,0,0,-0.002284039,39
1,200,15.075,-0.396877706050873,5.32442281837575E-05,0,0,0,0,-0.002284039,39
1,201,15.15,-0.381849110126495,9.17910801945254E-05,0,0,0,0,-0.002284039,39
1,202,15.225,-0.36712720990181,0.000174865563167259,0,0,0,0,-0.002284039,39
1,203,15.375,-0.337069988250732,0.00114107027184218,0,0,0,0,-0.002284039,39
1,204,15.45,-0.322041362524033,0.00136637676041573,0,0,0,0,-0.002284039,39
1,205,15.525,-0.307319462299347,0.00156542973127216,0,0,0,0,-0.002284039,39
1,206,15.6,-0.292290836572647,0.00188685802277178,0,0,0,0,-0.002284039,39
1,207,15.675,-0.27726224064827,0.0021727082785219,0,0,0,0,-0.002284039,39
1,208,15.75,-0.26223361492157,0.00246223900467157,0,0,0,0,-0.002284039,39
1,209,15.825,-0.247205018997192,0.00276035768911242,0,0,0,0,-0.002284039,39
1,210,15.9,-0.232483118772507,0.00302903237752616,0,0,0,0,-0.002284039,39
1,211,15.975,-0.217454507946968,0.00323943304829299,0,0,0,0,-0.002284039,39
1,212,16.05,-0.202425897121429,0.00340260076336563,0,0,0,0,-0.002284039,39
1,213,16.125,-0.187397286295891,0.003512401599437,0,0,0,0,-0.002284039,39
1,214,16.2,-0.172675371170044,0.00361238792538643,0,0,0,0,-0.002284039,39
1,215,16.275,-0.157646760344505,0.00370808015577495,0,0,0,0,-0.002284039,39
1,216,16.35,-0.142618149518967,0.00382278836332262,0,0,0,0,-0.002284039,39
1,217,16.425,-0.127589538693428,0.00393381621688604,0,0,0,0,-0.002284039,39
1,218,16.5,-0.11256093531847,0.00402092048898339,0,0,0,0,-0.002284039,39
1,219,16.575,-0.0975323244929314,0.00412090681493282,0,0,0,0,-0.002284039,39
1,220,16.65,-0.0828104168176651,0.00422825431451201,0,0,0,0,-0.002284039,39
1,221,16.725,-0.0677818059921265,0.00432885391637683,0,0,0,0,-0.002284039,39
1,222,16.8,-0.0527531951665878,0.00441350461915135,0,0,0,0,-0.002284039,39
1,223,16.875,-0.0377245843410492,0.00451226439327002,0,0,0,0,-0.002284039,39
1,224,16.95,-0.0226959753781557,0.00460488954558969,0,0,0,0,-0.002284039,39
1,225,17.025,-0.00797407142817974,0.00469444785267115,0,0,0,0,-0.002284039,39
1,226,17.1,0.00674783298745751,0.00475578894838691,0,0,0,0,-0.002284039,39
1,227,17.175,0.0217764433473349,0.00482939882203937,0,0,0,0,-0.002284039,39
1,228,17.25,0.036498349159956,0.00489687407389283,0,0,0,0,-0.002284039,39
1,229,17.325,0.0515269599854946,0.00496680289506912,0,0,0,0,-0.002284039,39
1,230,17.4,0.066555567085743,0.00510236714035273,0,0,0,0,-0.002284039,39
1,231,17.475,0.0815841779112816,0.00520726060494781,0,0,0,0,-0.002284039,39
1,232,17.55,0.0963060855865479,0.00535018602386117,0,0,0,0,-0.002284039,39
1,233,17.625,0.111334696412086,0.005560586694628,0,0,0,0,-0.002284039,39
1,234,17.7,0.126363307237625,0.00586177222430706,0,0,0,0,-0.002284039,39
1,235,17.775,0.141391918063164,0.00615068944171071,0,0,0,0,-0.002284039,39
1,236,17.85,0.156420528888702,0.00651198951527476,0,0,0,0,-0.002284039,39
1,237,17.925,0.171142429113388,0.00699413195252419,0,0,0,0,-0.002284039,39
1,238,18,0.186171039938927,0.00738610280677676,0,0,0,0,-0.002284039,39
1,239,18.075,0.201199650764465,0.00769648933783174,0,0,0,0,-0.002284039,39
1,240,18.15,0.216228261590004,0.00802527833729982,0,0,0,0,-0.002284039,39
1,241,18.225,0.231256872415543,0.00830008741468191,0,0,0,0,-0.002284039,39
1,242,18.3,0.245978772640228,0.00858225766569376,0,0,0,0,-0.002284039,39
1,243,18.375,0.261007398366928,0.00880369916558266,0,0,0,0,-0.002284039,39
1,244,18.45,0.276035994291306,0.00905581191182137,0,0,0,0,-0.002284039,39
1,245,18.525,0.291064620018005,0.00928890891373158,0,0,0,0,-0.002284039,39
1,246,18.6,0.306093215942383,0.00959990918636322,0,0,0,0,-0.002284039,39
1,247,18.675,0.320815116167068,0.0098434342071414,0,0,0,0,-0.002284039,39
1,248,18.75,0.335843741893768,0.010202893987298,0,0,0,0,-0.002284039,39
1,249,18.825,0.350872337818146,0.0105856629088521,0,0,0,0,-0.002284039,39
1,250,18.9,0.365900963544846,0.0110187325626612,0,0,0,0,-0.002284039,39
1,251,18.975,0.380622863769531,0.0115499477833509,0,0,0,0,-0.002284039,39
1,252,19.05,0.395651459693909,0.0121259428560734,0,0,0,0,-0.002284039,39
1,253,19.125,0.410680085420609,0.0127663454040885,0,0,0,0,-0.002284039,39
1,254,19.2,0.425708681344986,0.0133613552898169,0,0,0,0,-0.002284039,39
1,255,19.275,0.440430611371994,0.0140538988634944,0,0,0,0,-0.002284039,39
1,256,19.35,0.455459207296371,0.0146556561812758,0,0,0,0,-0.002284039,39
1,257,19.425,0.470487833023071,0.0154745625331998,0,0,0,0,-0.002284039,39
1,258,19.5,0.485516428947449,0.0162456221878529,0,0,0,0,-0.002284039,39
1,259,19.575,0.500238358974457,0.0168933849781752,0,0,0,0,-0.002284039,39
1,260,19.65,0.515266954898834,0.0175914485007524,0,0,0,0,-0.002284039,39
1,261,19.725,0.530295550823212,0.018273564055562,0,0,0,0,-0.002284039,39
1,262,19.8,0.545324146747589,0.0193777065724134,0,0,0,0,-0.002284039,39
1,263,19.875,0.560352802276611,0.0199665818363428,0,0,0,0,-0.002284039,39
1,264,19.95,0.575074672698975,0.0205554589629173,0,0,0,0,-0.002284039,39
1,265,20.025,0.590103268623352,0.0209357738494873,0,0,0,0,-0.002284039,39
1,266,20.1,0.605131924152374,0.0214081034064293,0,0,0,0,-0.002284039,39
1,267,20.175,0.620160520076752,0.0220092460513115,0,0,0,0,-0.002284039,39
1,268,20.25,0.635189116001129,0.0225858557969332,0,0,0,0,-0.002284039,39
1,269,20.325,0.649911046028137,0.0234630350023508,0,0,0,0,-0.002284039,39
1,270,20.4,0.664939641952515,0.0240212399512529,0,0,0,0,-0.002284039,39
1,271,20.475,0.679968237876892,0.0248370785266161,0,0,0,0,-0.002284039,39
1,272,20.55,0.69499683380127,0.0251683220267296,0,0,0,0,-0.002284039,39
1,273,20.625,0.709718763828278,0.0260209664702415,0,0,0,0,-0.002284039,39
1,274,20.7,0.724747359752655,0.0267877317965031,0,0,0,0,-0.002284039,39
1,275,20.775,0.739776015281677,0.027382742613554,0,0,0,0,-0.002284039,39
1,276,20.85,0.754804611206055,0.0268184021115303,0,0,0,0,-0.002284039,39
1,277,20.925,0.769526481628418,0.0267693288624287,0,0,0,0,-0.002284039,39
1,278,21,0.78455513715744,0.0259657595306635,0,0,0,0,-0.002284039,39
1,279,21.075,0.799583733081818,0.0242727398872375,0,0,0,0,-0.002284039,39
2,280,21.15,0.783941686153412,0.0189973898231983,0,0,0,0,-0.002284039,39
2,281,21.225,0.768913090229034,0.016335180029273,0,0,0,0,-0.002284039,39
2,282,21.3,0.753884494304657,0.0147464405745268,0,0,0,0,-0.002284039,39
2,283,21.375,0.739162564277649,0.0124424630776048,0,0,0,0,-0.002284039,39
2,284,21.45,0.723827242851257,0.0124608660116792,0,0,0,0,-0.002284039,39
2,285,21.525,0.70879864692688,0.0109941959381104,0,0,0,0,-0.002284039,39
2,286,21.6,0.693770051002502,0.0110064642503858,0,0,0,0,-0.002284039,39
2,287,21.675,0.67874139547348,0.00886258669197559,0,0,0,0,-0.002284039,39
2,288,21.75,0.664019525051117,0.00839700642973185,0,0,0,0,-0.002284039,39
2,289,21.825,0.64899092912674,0.00723765697330236,0,0,0,0,-0.002284039,39
2,290,21.9,0.633962273597717,0.00625374307855964,0,0,0,0,-0.002284039,39
2,291,21.975,0.61893367767334,0.0045570433139801,0,0,0,0,-0.002284039,39
2,292,22.05,0.603905081748962,0.00367863639257848,0,0,0,0,-0.002284039,39
2,293,22.125,0.588876485824585,0.00222484837286174,0,0,0,0,-0.002284039,39
2,294,22.2,0.574461281299591,0.00152408517897129,0,0,0,0,-0.002284039,39
2,295,22.275,0.559125959873199,0.000201009213924408,0,0,0,0,-0.002284039,39
2,296,22.35,0.544097363948822,0.000494472042191774,0,0,0,0,-0.002284039,39
2,297,22.425,0.5290687084198,-0.000314557953970507,0,0,0,0,-0.002284039,39
2,298,22.5,0.514040112495422,-0.000793878629337996,0,0,0,0,-0.002284039,39
2,299,22.575,0.499011516571045,-0.0011434011394158,0,0,0,0,-0.002284039,39
2,300,22.65,0.483982890844345,-0.00102439860347658,0,0,0,0,-0.002284039,39
2,301,22.725,0.469260990619659,-0.00126424292102456,0,0,0,0,-0.002284039,39
2,302,22.8,0.454232394695282,-0.00104096077848226,0,0,0,0,-0.002284039,39
2,303,22.875,0.439510464668274,-0.000243831484112889,0,0,0,0,-0.002284039,39
2,304,22.95,0.424175173044205,5.00545320392121E-05,0,0,0,0,-0.002284039,39
2,305,23.025,0.409146547317505,0.000212424871278927,0,0,0,0,-0.002284039,39
2,306,23.1,0.394117951393127,0.000661381636746228,0,0,0,0,-0.002284039,39
2,307,23.175,0.379089325666428,0.000802405178546906,0,0,0,0,-0.002284039,39
2,308,23.25,0.36406072974205,0.000927234650589526,0,0,0,0,-0.002284039,39
2,309,23.325,0.349338829517365,0.000844914698973298,0,0,0,0,-0.002284039,39
2,310,23.4,0.334310203790665,0.000893558317329735,0,0,0,0,-0.002284039,39
2,311,23.475,0.319281607866287,0.000675796822179109,0,0,0,0,-0.002284039,39
2,312,23.55,0.304252982139587,0.000616602483205497,0,0,0,0,-0.002284039,39
2,313,23.625,0.28922438621521,0.00060948688769713,0,0,0,0,-0.002284039,39
2,314,23.7,0.27419576048851,0.000520664732903242,0,0,0,0,-0.002284039,39
2,315,23.775,0.259167164564133,0.000352344301063567,0,0,0,0,-0.002284039,39
2,316,23.85,0.244138538837433,0.000442270596977323,0,0,0,0,-0.002284039,39
2,317,23.925,0.229109928011894,0.000497539062052965,0,0,0,0,-0.002284039,39
2,318,24,0.214081317186356,0.000547041476238519,0,0,0,0,-0.002284039,39
2,319,24.075,0.19935941696167,0.000567161419894546,0,0,0,0,-0.002284039,39
2,320,24.15,0.184024095535278,0.000572375429328531,0,0,0,0,-0.002284039,39
2,321,24.225,0.169302195310593,0.000550231256056577,0,0,0,0,-0.002284039,39
2,322,24.3,0.154273584485054,0.000429020874435082,0,0,0,0,-0.002284039,39
2,323,24.375,0.139244973659515,0.000395221839426085,0,0,0,0,-0.002284039,39
2,324,24.45,0.124216362833977,0.000302351167192683,0,0,0,0,-0.002284039,39
2,325,24.525,0.109187752008438,0.000238617591094226,0,0,0,0,-0.002284039,39
2,326,24.6,0.0944658443331718,0.000155990899656899,0,0,0,0,-0.002284039,39
2,327,24.675,0.0797439441084862,4.80976923427079E-05,0,0,0,0,-0.002284039,39
2,328,24.75,0.0644086226820946,5.968511231913E-06,0,0,0,0,-0.002284039,39
2,329,24.825,0.0493800155818462,-6.36844997643493E-05,0,0,0,0,-0.002284039,39
2,330,24.9,0.0343514047563076,-0.000143280922202393,0,0,0,0,-0.002284039,39
2,331,24.975,0.0196294989436865,-0.000386449915822595,0,0,0,0,-0.002284039,39
2,332,25.05,0.00429418263956904,-0.000592495256569237,0,0,0,0,-0.002284039,39
2,333,25.125,-0.0104277217760682,-0.000805226794909686,0,0,0,0,-0.002284039,39
2,334,25.2,-0.0251496266573668,-0.000978883937932551,0,0,0,0,-0.002284039,39
2,335,25.275,-0.0401782356202602,-0.00110862066503614,0,0,0,0,-0.002284039,39
2,336,25.35,-0.0552068464457989,-0.00118462252430618,0,0,0,0,-0.002284039,39
2,337,25.425,-0.0702354609966278,-0.00121099920943379,0,0,0,0,-0.002284039,39
2,338,25.5,-0.0852640718221664,-0.00121474103070796,0,0,0,0,-0.002284039,39
2,339,25.575,-0.100292682647705,-0.00118836434558034,0,0,0,0,-0.002284039,39
2,340,25.65,-0.115321293473244,-0.00115284777712077,0,0,0,0,-0.002284039,39
2,341,25.725,-0.130349904298782,-0.00111947814002633,0,0,0,0,-0.002284039,39
2,342,25.8,-0.145378515124321,-0.00109396013431251,0,0,0,0,-0.002284039,39
2,343,25.875,-0.160100415349007,-0.00107341073453426,0,0,0,0,-0.002284039,39
2,344,25.95,-0.175129026174545,-0.00108021963387728,0,0,0,0,-0.002284039,39
2,345,26.025,-0.190157637000084,-0.00105623528361321,0,0,0,0,-0.002284039,39
2,346,26.1,-0.205186247825623,-0.00105077587068081,0,0,0,0,-0.002284039,39
2,347,26.175,-0.220214858651161,-0.00105304550379515,0,0,0,0,-0.002284039,39
2,348,26.25,-0.2352434694767,-0.00106973026413471,0,0,0,0,-0.002284039,39
2,349,26.325,-0.250272065401077,-0.00110242515802383,0,0,0,0,-0.002284039,39
2,350,26.4,-0.265300691127777,-0.00113125564530492,0,0,0,0,-0.002284039,39
2,351,26.475,-0.280022591352463,-0.00116474798414856,0,0,0,0,-0.002284039,39
2,352,26.55,-0.295051217079163,-0.00120363826863468,0,0,0,0,-0.002284039,39
2,353,26.625,-0.31007981300354,-0.00125700514763594,0,0,0,0,-0.002284039,39
2,354,26.7,-0.32510843873024,-0.00132135220337659,0,0,0,0,-0.002284039,39
2,355,26.775,-0.340137034654617,-0.00140815007034689,0,0,0,0,-0.002284039,39
2,356,26.85,-0.355165660381317,-0.00151598802767694,0,0,0,0,-0.002284039,39
2,357,26.925,-0.370194256305695,-0.00166989327408373,0,0,0,0,-0.002284039,39
2,358,27,-0.38491615653038,-0.00190949230454862,0,0,0,0,-0.002284039,39
2,359,27.075,-0.39994478225708,-0.00226717279292643,0,0,0,0,-0.002284039,39
